[1, 2, 75.7000263831512]
[1, 3, 71.06414777702595]
[1, 4, 71.42559660657349]
[1, 5, 270.0]
[1, 6, 77.73566560235108]
[1, 7, 79.49907711762013]
[1, 8, 83.08532726379542]
[1, 9, 270.0]
[1, 10, 270.0]
[1, 11, 270.0]
[1, 12, 270.0]
[1, 13, 270.0]
[1, 14, 270.0]
[1, 15, 270.0]
[1, 16, 270.0]
[1, 17, 270.0]
[1, 18, 270.0]
[1, 19, 270.0]
[1, 20, 270.0]
[1, 21, 270.0]
[1, 22, 270.0]
[1, 23, 270.0]
[1, 24, 270.0]
[1, 25, 270.0]
[1, 26, 270.0]
[1, 27, 270.0]
[1, 28, 270.0]
[1, 29, 270.0]
[1, 30, 270.0]
[1, 31, 270.0]
[1, 32, 270.0]
[1, 33, 270.0]
[1, 34, 270.0]
[1, 35, 270.0]
[1, 36, 270.0]
[1, 37, 270.0]
[1, 38, 270.0]
[2, 1, 270.0]
[2, 3, 67.6518916520272]
[2, 4, 69.3045492659151]
[2, 5, 270.0]
[2, 6, 78.03794860233663]
[2, 7, 80.01731076390087]
[2, 8, 83.96597405302606]
[2, 9, 270.0]
[2, 10, 270.0]
[2, 11, 270.0]
[2, 12, 270.0]
[2, 13, 270.0]
[2, 14, 270.0]
[2, 15, 270.0]
[2, 16, 270.0]
[2, 17, 270.0]
[2, 18, 270.0]
[2, 19, 270.0]
[2, 20, 270.0]
[2, 21, 270.0]
[2, 22, 270.0]
[2, 23, 270.0]
[2, 24, 270.0]
[2, 25, 270.0]
[2, 26, 270.0]
[2, 27, 270.0]
[2, 28, 270.0]
[2, 29, 270.0]
[2, 30, 270.0]
[2, 31, 270.0]
[2, 32, 270.0]
[2, 33, 270.0]
[2, 34, 270.0]
[2, 35, 270.0]
[2, 36, 270.0]
[2, 37, 270.0]
[2, 38, 270.0]
[3, 1, 270.0]
[3, 2, 270.0]
[3, 4, 72.71850162825093]
[3, 5, 270.0]
[3, 6, 80.63499537061789]
[3, 7, 82.79242494814018]
[3, 8, 87.05853500608266]
[3, 9, 270.0]
[3, 10, 270.0]
[3, 11, 270.0]
[3, 12, 270.0]
[3, 13, 270.0]
[3, 14, 270.0]
[3, 15, 270.0]
[3, 16, 270.0]
[3, 17, 270.0]
[3, 18, 270.0]
[3, 19, 270.0]
[3, 20, 270.0]
[3, 21, 270.0]
[3, 22, 270.0]
[3, 23, 270.0]
[3, 24, 270.0]
[3, 25, 270.0]
[3, 26, 270.0]
[3, 27, 270.0]
[3, 28, 270.0]
[3, 29, 270.0]
[3, 30, 270.0]
[3, 31, 270.0]
[3, 32, 270.0]
[3, 33, 270.0]
[3, 34, 270.0]
[3, 35, 270.0]
[3, 36, 270.0]
[3, 37, 270.0]
[3, 38, 270.0]
[4, 1, 270.0]
[4, 2, 270.0]
[4, 3, 270.0]
[4, 5, 270.0]
[4, 6, 81.72713437109127]
[4, 7, 84.02222640764116]
[4, 8, 88.50890644827277]
[4, 9, 270.0]
[4, 10, 270.0]
[4, 11, 270.0]
[4, 12, 270.0]
[4, 13, 270.0]
[4, 14, 270.0]
[4, 15, 270.0]
[4, 16, 270.0]
[4, 17, 270.0]
[4, 18, 270.0]
[4, 19, 270.0]
[4, 20, 270.0]
[4, 21, 270.0]
[4, 22, 270.0]
[4, 23, 270.0]
[4, 24, 270.0]
[4, 25, 270.0]
[4, 26, 270.0]
[4, 27, 270.0]
[4, 28, 270.0]
[4, 29, 270.0]
[4, 30, 270.0]
[4, 31, 270.0]
[4, 32, 270.0]
[4, 33, 270.0]
[4, 34, 270.0]
[4, 35, 270.0]
[4, 36, 270.0]
[4, 37, 270.0]
[4, 38, 270.0]
[5, 1, 313.03673072335647]
[5, 2, 319.6354634269027]
[5, 3, 330.22688722985606]
[5, 4, 335.5560452195863]
[5, 6, 14.788677614177642]
[5, 7, 19.82366541248319]
[5, 8, 28.93889770695397]
[5, 9, 0.0]
[5, 10, 62.27594376400929]
[5, 11, 66.98038830133063]
[5, 12, 73.92856078995383]
[5, 13, 73.93404926327575]
[5, 14, 74.47588900324574]
[5, 15, 76.05873494405644]
[5, 16, 78.11386389264953]
[5, 17, 82.84336346693912]
[5, 18, 81.43815570603432]
[5, 19, 87.3303568868036]
[5, 20, 88.3931140837424]
[5, 21, 270.0]
[5, 22, 270.0]
[5, 23, 270.0]
[5, 24, 270.0]
[5, 25, 87.6777048241851]
[5, 26, 85.07390830003433]
[5, 27, 83.65301724077592]
[5, 28, 82.295375942025]
[5, 29, 85.48050259729246]
[5, 30, 80.10939505823781]
[5, 31, 77.89911961643683]
[5, 32, 74.60038846399439]
[5, 33, 59.27326865757953]
[5, 34, 27.28695292229603]
[5, 35, 15.213908607423143]
[5, 36, 7.382413562593532]
[5, 37, 335.26049113024703]
[5, 38, 323.76410082790517]
[6, 1, 270.0]
[6, 2, 270.0]
[6, 3, 270.0]
[6, 4, 270.0]
[6, 5, 270.0]
[6, 7, 270.0]
[6, 8, 270.0]
[6, 9, 270.0]
[6, 10, 270.0]
[6, 11, 270.0]
[6, 12, 270.0]
[6, 13, 270.0]
[6, 14, 270.0]
[6, 15, 270.0]
[6, 16, 270.0]
[6, 17, 270.0]
[6, 18, 270.0]
[6, 19, 270.0]
[6, 20, 270.0]
[6, 21, 270.0]
[6, 22, 270.0]
[6, 23, 270.0]
[6, 24, 270.0]
[6, 25, 270.0]
[6, 26, 270.0]
[6, 27, 270.0]
[6, 28, 270.0]
[6, 29, 270.0]
[6, 30, 270.0]
[6, 31, 270.0]
[6, 32, 270.0]
[6, 33, 270.0]
[6, 34, 270.0]
[6, 35, 270.0]
[6, 36, 270.0]
[6, 37, 270.0]
[6, 38, 270.0]
[7, 1, 270.0]
[7, 2, 270.0]
[7, 3, 270.0]
[7, 4, 270.0]
[7, 5, 270.0]
[7, 6, 281.30993247394895]
[7, 8, 270.0]
[7, 9, 270.0]
[7, 10, 270.0]
[7, 11, 270.0]
[7, 12, 270.0]
[7, 13, 270.0]
[7, 14, 270.0]
[7, 15, 270.0]
[7, 16, 270.0]
[7, 17, 270.0]
[7, 18, 270.0]
[7, 19, 270.0]
[7, 20, 270.0]
[7, 21, 270.0]
[7, 22, 270.0]
[7, 23, 270.0]
[7, 24, 270.0]
[7, 25, 270.0]
[7, 26, 270.0]
[7, 27, 270.0]
[7, 28, 270.0]
[7, 29, 270.0]
[7, 30, 270.0]
[7, 31, 270.0]
[7, 32, 270.0]
[7, 33, 270.0]
[7, 34, 270.0]
[7, 35, 270.0]
[7, 36, 270.0]
[7, 37, 270.0]
[7, 38, 270.0]
[8, 1, 270.0]
[8, 2, 270.0]
[8, 3, 270.0]
[8, 4, 270.0]
[8, 5, 270.0]
[8, 6, 286.6144244890597]
[8, 7, 289.51587300952104]
[8, 9, 270.0]
[8, 10, 270.0]
[8, 11, 270.0]
[8, 12, 270.0]
[8, 13, 270.0]
[8, 14, 270.0]
[8, 15, 270.0]
[8, 16, 270.0]
[8, 17, 270.0]
[8, 18, 270.0]
[8, 19, 270.0]
[8, 20, 270.0]
[8, 21, 270.0]
[8, 22, 270.0]
[8, 23, 270.0]
[8, 24, 270.0]
[8, 25, 270.0]
[8, 26, 270.0]
[8, 27, 270.0]
[8, 28, 270.0]
[8, 29, 270.0]
[8, 30, 270.0]
[8, 31, 270.0]
[8, 32, 270.0]
[8, 33, 270.0]
[8, 34, 270.0]
[8, 35, 270.0]
[8, 36, 270.0]
[8, 37, 270.0]
[8, 38, 270.0]
[9, 1, 293.3293609334323]
[9, 2, 296.0861890470324]
[9, 3, 301.01009358587453]
[9, 4, 303.4762782961016]
[9, 5, 0.0]
[9, 6, 325.39432444836143]
[9, 7, 328.5751547492594]
[9, 8, 334.4838389324218]
[9, 10, 13.848849926699414]
[9, 11, 28.365672778192778]
[9, 12, 56.309932473999005]
[9, 13, 59.71286181889786]
[9, 14, 63.54908369089848]
[9, 15, 66.83289644754963]
[9, 16, 70.1616491096776]
[9, 17, 77.62342249926063]
[9, 18, 58.330264853327314]
[9, 19, 85.57708857144472]
[9, 20, 87.35147106248664]
[9, 21, 270.0]
[9, 22, 270.0]
[9, 23, 270.0]
[9, 24, 270.0]
[9, 25, 85.60949968282128]
[9, 26, 80.30841947757287]
[9, 27, 77.07996276830025]
[9, 28, 73.68614757373945]
[9, 29, 83.62714247682372]
[9, 30, 65.8273165070042]
[9, 31, 49.779499918750886]
[9, 32, 30.640663455705287]
[9, 33, 339.9576832551202]
[9, 34, 319.34435793992606]
[9, 35, 312.81538921087815]
[9, 36, 308.59185903450464]
[9, 37, 296.34211152587835]
[9, 38, 292.16366932470817]
[10, 1, 275.6250231600397]
[10, 2, 277.1885371427265]
[10, 3, 280.57629865974934]
[10, 4, 282.2142205000088]
[10, 5, 270.0]
[10, 6, 297.0040907027535]
[10, 7, 298.68614757374075]
[10, 8, 300.9348921619798]
[10, 9, 270.0]
[10, 11, 270.0]
[10, 12, 270.0]
[10, 13, 270.0]
[10, 14, 88.70783311376914]
[10, 15, 270.0]
[10, 16, 270.0]
[10, 17, 270.0]
[10, 18, 270.0]
[10, 19, 270.0]
[10, 20, 270.0]
[10, 21, 270.0]
[10, 22, 270.0]
[10, 23, 270.0]
[10, 24, 270.0]
[10, 25, 270.0]
[10, 26, 270.0]
[10, 27, 270.0]
[10, 28, 270.0]
[10, 29, 270.0]
[10, 30, 270.0]
[10, 31, 270.0]
[10, 32, 270.0]
[10, 33, 270.0]
[10, 34, 279.0842209246941]
[10, 35, 278.18333471373853]
[10, 36, 276.46136126487824]
[10, 37, 271.49650144983076]
[10, 38, 270.0]
[11, 1, 276.6167906706867]
[11, 2, 278.1301023541463]
[11, 3, 281.32261133628276]
[11, 4, 282.85234306638415]
[11, 5, 270.0]
[11, 6, 295.9500086304286]
[11, 7, 297.28636280994726]
[11, 8, 298.8531901894281]
[11, 9, 270.0]
[11, 10, 289.3978124485435]
[11, 12, 270.0]
[11, 13, 88.5767951533881]
[11, 14, 85.41125958892665]
[11, 15, 87.8952995907397]
[11, 16, 270.0]
[11, 17, 270.0]
[11, 18, 270.0]
[11, 19, 270.0]
[11, 20, 270.0]
[11, 21, 270.0]
[11, 22, 270.0]
[11, 23, 270.0]
[11, 24, 270.0]
[11, 25, 270.0]
[11, 26, 270.0]
[11, 27, 270.0]
[11, 28, 270.0]
[11, 29, 270.0]
[11, 30, 270.0]
[11, 31, 270.0]
[11, 32, 270.0]
[11, 33, 270.0]
[11, 34, 280.80823094031246]
[11, 35, 279.7640629908427]
[11, 36, 278.1259121262509]
[11, 37, 273.23828239959755]
[11, 38, 270.97574618729095]
[12, 1, 276.40692203514607]
[12, 2, 277.6264460848542]
[12, 3, 280.14286367876275]
[12, 4, 281.3099324740171]
[12, 5, 270.0]
[12, 6, 290.02208323663945]
[12, 7, 290.5844516523135]
[12, 8, 290.72787834494085]
[12, 9, 270.0]
[12, 10, 278.9524733341618]
[12, 11, 275.42809718612426]
[12, 13, 73.97970769796805]
[12, 14, 76.41400879213737]
[12, 15, 82.30394827798493]
[12, 16, 270.0]
[12, 17, 270.0]
[12, 18, 270.0]
[12, 19, 270.0]
[12, 20, 270.0]
[12, 21, 270.0]
[12, 22, 270.0]
[12, 23, 270.0]
[12, 24, 270.0]
[12, 25, 270.0]
[12, 26, 270.0]
[12, 27, 270.0]
[12, 28, 270.0]
[12, 29, 270.0]
[12, 30, 270.0]
[12, 31, 270.0]
[12, 32, 270.0]
[12, 33, 270.0]
[12, 34, 279.0260326390556]
[12, 35, 278.48557076268054]
[12, 36, 277.3793514358712]
[12, 37, 273.7326613042785]
[12, 38, 271.9219559589316]
[13, 1, 274.7115309461037]
[13, 2, 275.7504464439699]
[13, 3, 277.93469236198206]
[13, 4, 278.9264079267389]
[13, 5, 270.0]
[13, 6, 285.80498829231067]
[13, 7, 286.0641844926728]
[13, 8, 285.6577577946246]
[13, 9, 270.0]
[13, 10, 272.4768992606675]
[13, 11, 270.0]
[13, 12, 270.0]
[13, 14, 78.2152514937554]
[13, 15, 86.77135213034734]
[13, 16, 270.0]
[13, 17, 270.0]
[13, 18, 270.0]
[13, 19, 270.0]
[13, 20, 270.0]
[13, 21, 270.0]
[13, 22, 270.0]
[13, 23, 270.0]
[13, 24, 270.0]
[13, 25, 270.0]
[13, 26, 270.0]
[13, 27, 270.0]
[13, 28, 270.0]
[13, 29, 270.0]
[13, 30, 270.0]
[13, 31, 270.0]
[13, 32, 270.0]
[13, 33, 270.0]
[13, 34, 275.6957033822476]
[13, 35, 275.54270865691046]
[13, 36, 274.71972918454975]
[13, 37, 271.85272946479364]
[13, 38, 270.3004995848002]
[14, 1, 273.16270033089756]
[14, 2, 274.02826366648515]
[14, 3, 275.8811538587032]
[14, 4, 276.70207560590427]
[14, 5, 270.0]
[14, 6, 281.91302366840216]
[14, 7, 281.9430092454564]
[14, 8, 281.1895352625838]
[14, 9, 270.0]
[14, 10, 270.0]
[14, 11, 270.0]
[14, 12, 270.0]
[14, 13, 270.0]
[14, 15, 270.0]
[14, 16, 270.0]
[14, 17, 270.0]
[14, 18, 270.0]
[14, 19, 270.0]
[14, 20, 270.0]
[14, 21, 270.0]
[14, 22, 270.0]
[14, 23, 270.0]
[14, 24, 270.0]
[14, 25, 270.0]
[14, 26, 270.0]
[14, 27, 270.0]
[14, 28, 270.0]
[14, 29, 270.0]
[14, 30, 270.0]
[14, 31, 270.0]
[14, 32, 270.0]
[14, 33, 270.0]
[14, 34, 272.986085523361]
[14, 35, 273.08307404042284]
[14, 36, 272.4888324288147]
[14, 37, 270.2815494758629]
[14, 38, 270.0]
[15, 1, 273.713323315061]
[15, 2, 274.5708355328681]
[15, 3, 276.3810233183479]
[15, 4, 277.1828536766562]
[15, 5, 270.0]
[15, 6, 282.25055758902215]
[15, 7, 282.2945351897684]
[15, 8, 281.62261098702123]
[15, 9, 270.0]
[15, 10, 270.58463052071073]
[15, 11, 270.0]
[15, 12, 270.0]
[15, 13, 270.0]
[15, 14, 287.81888891439746]
[15, 16, 270.0]
[15, 17, 270.0]
[15, 18, 270.0]
[15, 19, 270.0]
[15, 20, 270.0]
[15, 21, 270.0]
[15, 22, 270.0]
[15, 23, 270.0]
[15, 24, 270.0]
[15, 25, 270.0]
[15, 26, 270.0]
[15, 27, 270.0]
[15, 28, 270.0]
[15, 29, 270.0]
[15, 30, 270.0]
[15, 31, 270.0]
[15, 32, 270.0]
[15, 33, 270.0]
[15, 34, 273.8855951876586]
[15, 35, 273.90547891014603]
[15, 36, 273.30397892209237]
[15, 37, 271.07669290540775]
[15, 38, 270.0]
[16, 1, 275.1939636325633]
[16, 2, 276.1114165572657]
[16, 3, 277.997806341022]
[16, 4, 278.84181456019166]
[16, 5, 270.0]
[16, 6, 284.3419243831636]
[16, 7, 284.48103437353205]
[16, 8, 284.02107783051383]
[16, 9, 270.0]
[16, 10, 274.5014384561284]
[16, 11, 272.39500551688474]
[16, 12, 270.18785434167773]
[16, 13, 278.3658861240349]
[16, 14, 312.22978420277167]
[16, 15, 347.6192430712875]
[16, 17, 270.0]
[16, 18, 270.0]
[16, 19, 270.0]
[16, 20, 270.0]
[16, 21, 270.0]
[16, 22, 270.0]
[16, 23, 270.0]
[16, 24, 270.0]
[16, 25, 270.0]
[16, 26, 270.0]
[16, 27, 270.0]
[16, 28, 270.0]
[16, 29, 270.0]
[16, 30, 270.0]
[16, 31, 270.0]
[16, 32, 270.0]
[16, 33, 270.0]
[16, 34, 276.262061185914]
[16, 35, 276.0942886226458]
[16, 36, 275.3995369061567]
[16, 37, 272.89351404264687]
[16, 38, 271.529790724289]
[17, 1, 279.03125144840953]
[17, 2, 280.13148609155894]
[17, 3, 282.2752291619987]
[17, 4, 283.2574541511681]
[17, 5, 270.0]
[17, 6, 290.1140360113245]
[17, 7, 290.5158705531475]
[17, 8, 290.60719562771146]
[17, 9, 270.0]
[17, 10, 284.6291008217445]
[17, 11, 283.9274713546436]
[17, 12, 290.3502751483241]
[17, 13, 306.9751239362152]
[17, 14, 347.6609127216738]
[17, 15, 8.412345290443023]
[17, 16, 16.542983404553524]
[17, 18, 270.0]
[17, 19, 270.0]
[17, 20, 270.0]
[17, 21, 270.0]
[17, 22, 270.0]
[17, 23, 270.0]
[17, 24, 270.0]
[17, 25, 270.0]
[17, 26, 270.0]
[17, 27, 270.0]
[17, 28, 270.0]
[17, 29, 270.0]
[17, 30, 270.0]
[17, 31, 270.0]
[17, 32, 271.7866284991072]
[17, 33, 277.3297477167735]
[17, 34, 282.4704617216749]
[17, 35, 281.80645468210554]
[17, 36, 280.8428324450706]
[17, 37, 277.52889610195376]
[17, 38, 275.9343196068514]
[18, 1, 285.436595033663]
[18, 2, 287.4379818171184]
[18, 3, 291.21597485305466]
[18, 4, 293.0661149589389]
[18, 5, 270.0]
[18, 6, 309.0635871359669]
[18, 7, 311.096456500908]
[18, 8, 314.4602172397795]
[18, 9, 270.0]
[18, 10, 336.72978979923744]
[18, 11, 355.9143832199899]
[18, 12, 54.879390579480265]
[18, 13, 60.41460549924209]
[18, 14, 65.45997592746274]
[18, 15, 69.68055848018895]
[18, 16, 74.14297798196404]
[18, 17, 84.68818374028089]
[18, 19, 270.0]
[18, 20, 270.0]
[18, 21, 270.0]
[18, 22, 270.0]
[18, 23, 270.0]
[18, 24, 270.0]
[18, 25, 270.0]
[18, 26, 270.0]
[18, 27, 88.44659687579791]
[18, 28, 84.42239489334371]
[18, 29, 88.05463749295453]
[18, 30, 74.6148116463199]
[18, 31, 10.784297867380156]
[18, 32, 315.46580908279145]
[18, 33, 300.0023886845586]
[18, 34, 299.14063373339934]
[18, 35, 295.7453632698092]
[18, 36, 293.0935387293303]
[18, 37, 285.28651364759594]
[18, 38, 282.3104004588598]
[19, 1, 281.45394949083015]
[19, 2, 282.5839111415783]
[19, 3, 284.71245974961073]
[19, 4, 285.69211485352855]
[19, 5, 270.0]
[19, 6, 292.55513688867217]
[19, 7, 293.0160128185401]
[19, 8, 293.3009565243354]
[19, 9, 270.0]
[19, 10, 289.5592766529307]
[19, 11, 289.57895212483567]
[19, 12, 297.25912908999993]
[19, 13, 309.588130847683]
[19, 14, 333.6231116259716]
[19, 15, 343.9542027190563]
[19, 16, 343.1587942638411]
[19, 17, 314.32596310197624]
[19, 18, 273.9141372186066]
[19, 20, 270.0]
[19, 21, 270.0]
[19, 22, 270.0]
[19, 23, 270.0]
[19, 24, 270.0]
[19, 25, 270.0]
[19, 26, 276.472270302926]
[19, 27, 279.6986617377337]
[19, 28, 281.5203199477029]
[19, 29, 80.38684306834766]
[19, 30, 280.75928060923917]
[19, 31, 278.2014544710893]
[19, 32, 279.09381828799644]
[19, 33, 282.3411994094031]
[19, 34, 285.89355123350816]
[19, 35, 285.04431194185156]
[19, 36, 284.0327456994497]
[19, 37, 280.55261857434607]
[19, 38, 278.94538183354166]
[20, 1, 282.12342298915206]
[20, 2, 283.2693241684676]
[20, 3, 285.41085839450966]
[20, 4, 286.39829647050857]
[20, 5, 270.0]
[20, 6, 293.3393032413738]
[20, 7, 293.82365894501487]
[20, 8, 294.1679090093299]
[20, 9, 270.0]
[20, 10, 290.93335803659517]
[20, 11, 291.11516507252816]
[20, 12, 299.2112922577069]
[20, 13, 311.17095370547645]
[20, 14, 333.60752595012076]
[20, 15, 342.96223220435456]
[20, 16, 342.0647110058984]
[20, 17, 317.5385445983019]
[20, 18, 275.9936052465672]
[20, 19, 333.43494882261876]
[20, 21, 270.0]
[20, 22, 270.0]
[20, 23, 270.0]
[20, 24, 270.0]
[20, 25, 271.9945693011916]
[20, 26, 281.1328208912511]
[20, 27, 283.56390643946423]
[20, 28, 284.82163425149315]
[20, 29, 77.25471052686716]
[20, 30, 283.2848664848768]
[20, 31, 280.19041350773]
[20, 32, 280.84580039815074]
[20, 33, 283.64099285125343]
[20, 34, 286.85685934486776]
[20, 35, 285.95217646651054]
[20, 36, 284.9185853190096]
[20, 37, 281.36692697796275]
[20, 38, 279.7444358698737]
[21, 1, 284.226613646138]
[21, 2, 285.45313393910624]
[21, 3, 287.697377788425]
[21, 4, 288.7400352872794]
[21, 5, 271.24018119220256]
[21, 6, 296.19942991934516]
[21, 7, 296.7884254040866]
[21, 8, 297.35977142409877]
[21, 9, 272.05669940989986]
[21, 10, 295.68092722893243]
[21, 11, 296.40732059269664]
[21, 12, 306.5895379730083]
[21, 13, 318.8004199776415]
[21, 14, 339.6368042019527]
[21, 15, 348.08321903420017]
[21, 16, 348.1546085403957]
[21, 17, 332.61257784287517]
[21, 18, 281.98487677633767]
[21, 19, 90.0]
[21, 20, 10.388857815523389]
[21, 22, 270.0]
[21, 23, 270.0]
[21, 24, 278.99714342103795]
[21, 25, 289.42425955883823]
[21, 26, 294.60698374781646]
[21, 27, 295.1308467477149]
[21, 28, 294.93692733388093]
[21, 29, 70.21995545400667]
[21, 30, 291.04663020079704]
[21, 31, 286.17403981671026]
[21, 32, 286.1729965876501]
[21, 33, 287.75238061449255]
[21, 34, 290.05059798531204]
[21, 35, 288.9312723432236]
[21, 36, 287.78888978307293]
[21, 37, 283.89551727490357]
[21, 38, 282.17833948236193]
[22, 1, 286.7786739723485]
[22, 2, 288.1243744612499]
[22, 3, 290.5337285659226]
[22, 4, 291.663470091076]
[22, 5, 274.44793177429307]
[22, 6, 299.9251505904492]
[22, 7, 300.6618848283908]
[22, 8, 301.5400411749476]
[22, 9, 277.5394451395093]
[22, 10, 301.82744657667513]
[22, 11, 303.27023527629365]
[22, 12, 316.32401187748906]
[22, 13, 329.10631572754113]
[22, 14, 348.8313987132008]
[22, 15, 356.76899009962386]
[22, 16, 357.92372094322195]
[22, 17, 349.6513159119765]
[22, 18, 289.3773355322067]
[22, 19, 16.771223818603172]
[22, 20, 23.919602920037583]
[22, 21, 34.50852298753571]
[22, 23, 305.8376529543798]
[22, 24, 317.52082790774836]
[22, 25, 311.90036787946997]
[22, 26, 311.72506606304535]
[22, 27, 309.8786834892398]
[22, 28, 307.87498365109815]
[22, 29, 65.24781140461869]
[22, 30, 300.94140156656084]
[22, 31, 293.66418330267544]
[22, 32, 292.82056198997674]
[22, 33, 292.89055165625945]
[22, 34, 294.0765372950225]
[22, 35, 292.66203083155995]
[22, 36, 291.3595507713988]
[22, 37, 286.9661481085364]
[22, 38, 285.1017214904026]
[23, 1, 286.5214686301743]
[23, 2, 287.87530088793295]
[23, 3, 290.307013448661]
[23, 4, 291.4477363271019]
[23, 5, 273.8674912313574]
[23, 6, 299.8122376381066]
[23, 7, 300.559156893096]
[23, 8, 301.44793469255785]
[23, 9, 276.6345005351797]
[23, 10, 301.6993656261483]
[23, 11, 303.17851165939277]
[23, 12, 316.8535854228732]
[23, 13, 330.3616163118549]
[23, 14, 351.1054329819252]
[23, 15, 359.5212163297232]
[23, 16, 1.0809241866715682]
[23, 17, 353.68878942487754]
[23, 18, 288.7052099294025]
[23, 19, 24.993305262320142]
[23, 20, 33.33122599968018]
[23, 21, 50.55994726333024]
[23, 22, 270.0]
[23, 24, 320.3558250429117]
[23, 25, 312.6721849109566]
[23, 26, 312.2736890060843]
[23, 27, 310.2001638861108]
[23, 28, 308.01637684243826]
[23, 29, 67.32239385979075]
[23, 30, 300.6812816825928]
[23, 31, 293.17092476035424]
[23, 32, 292.35480759382693]
[23, 33, 292.53812287941264]
[23, 34, 293.82944947796193]
[23, 35, 292.4049970153799]
[23, 36, 291.08836764089125]
[23, 37, 286.65816905318917]
[23, 38, 284.77718218394716]
[24, 1, 284.6384933863392]
[24, 2, 285.982666637838]
[24, 3, 288.44786200266725]
[24, 4, 289.6030049114633]
[24, 5, 270.37101281298663]
[24, 6, 298.1132088760492]
[24, 7, 298.849707586727]
[24, 8, 299.67003381566053]
[24, 9, 270.6639942078335]
[24, 10, 298.96325248720194]
[24, 11, 300.3026807204818]
[24, 12, 315.93535819574356]
[24, 13, 333.2703062315049]
[24, 14, 359.81336945642346]
[24, 15, 10.775187392285629]
[24, 16, 14.470294100059787]
[24, 17, 13.02307967059839]
[24, 18, 282.7712425648803]
[24, 19, 62.30052719198857]
[24, 20, 72.6210749830596]
[24, 21, 270.0]
[24, 22, 270.0]
[24, 23, 270.0]
[24, 25, 304.43898930873877]
[24, 26, 307.3331957381449]
[24, 27, 305.36246188706906]
[24, 28, 303.2103293873242]
[24, 29, 76.13515365182683]
[24, 30, 295.4116007259503]
[24, 31, 288.04518762759267]
[24, 32, 287.79347897848504]
[24, 33, 289.20480676533646]
[24, 34, 291.42808082889536]
[24, 35, 290.0764600515325]
[24, 36, 288.7610821021556]
[24, 37, 284.3667288212684]
[24, 38, 282.4720979491993]
[25, 1, 283.5107746658536]
[25, 2, 284.8812526911256]
[25, 3, 287.43419109256615]
[25, 4, 288.63261706608466]
[25, 5, 270.0]
[25, 6, 297.5728567465737]
[25, 7, 298.34989450139864]
[25, 8, 299.2025883774083]
[25, 9, 270.0]
[25, 10, 298.0789095094762]
[25, 11, 299.5240286151072]
[25, 12, 319.61064931865917]
[25, 13, 343.07248693585296]
[25, 14, 14.917647464499797]
[25, 15, 27.414514493066832]
[25, 16, 33.822085217482446]
[25, 17, 46.410940820383544]
[25, 18, 278.0878799745294]
[25, 19, 85.48601154199874]
[25, 20, 270.0]
[25, 21, 270.0]
[25, 22, 270.0]
[25, 23, 270.0]
[25, 24, 270.0]
[25, 26, 311.18592516568503]
[25, 27, 306.10745129180305]
[25, 28, 302.5010805403544]
[25, 29, 81.93449263482378]
[25, 30, 292.3551804457306]
[25, 31, 284.47029410007]
[25, 32, 284.7371675044886]
[25, 33, 287.2327248424593]
[25, 34, 290.1929397801464]
[25, 35, 288.828534836633]
[25, 36, 287.4636844026094]
[25, 37, 282.9546539821732]
[25, 38, 281.00101436002166]
[26, 1, 282.3023786798557]
[26, 2, 283.67355120940596]
[26, 3, 286.26927336596117]
[26, 4, 287.487997376145]
[26, 5, 270.0]
[26, 6, 296.6477290122047]
[26, 7, 297.43310262682377]
[26, 8, 298.2572436643766]
[26, 9, 270.0]
[26, 10, 296.2882621249002]
[26, 11, 297.62107498307955]
[26, 12, 322.27500495790537]
[26, 13, 353.3255309529308]
[26, 14, 28.3322369604161]
[26, 15, 41.00195790083355]
[26, 16, 49.037710621016174]
[26, 17, 69.44395478048867]
[26, 18, 272.07003065301205]
[26, 19, 270.0]
[26, 20, 270.0]
[26, 21, 270.0]
[26, 22, 270.0]
[26, 23, 270.0]
[26, 24, 270.0]
[26, 25, 270.0]
[26, 27, 298.39301942149615]
[26, 28, 295.9587692615233]
[26, 29, 86.06657097174045]
[26, 30, 286.15194071460706]
[26, 31, 279.46232220801727]
[26, 32, 280.66366124254546]
[26, 33, 284.7188642521312]
[26, 34, 288.6101647278248]
[26, 35, 287.29756448552797]
[26, 36, 285.92396798420066]
[26, 37, 281.4196752572148]
[26, 38, 279.4463845785295]
[27, 1, 281.8128276737576]
[27, 2, 283.2026759447821]
[27, 3, 285.8552677827657]
[27, 4, 287.10272896904615]
[27, 5, 270.0]
[27, 6, 296.5650511770696]
[27, 7, 297.3852422565186]
[27, 8, 298.2497354949743]
[27, 9, 270.0]
[27, 10, 296.0779574539476]
[27, 11, 297.5272929147672]
[27, 12, 328.2547125776167]
[27, 13, 5.102165252361706]
[27, 14, 38.01566048403326]
[27, 15, 49.556358438498414]
[27, 16, 57.78345394143929]
[27, 17, 78.92345026587935]
[27, 18, 270.0]
[27, 19, 270.0]
[27, 20, 270.0]
[27, 21, 270.0]
[27, 22, 270.0]
[27, 23, 270.0]
[27, 24, 270.0]
[27, 25, 270.0]
[27, 26, 270.0]
[27, 28, 293.5522636727104]
[27, 29, 87.89091026273769]
[27, 30, 282.73640020474943]
[27, 31, 276.7561644948474]
[27, 32, 278.6251831781599]
[27, 33, 283.6822581602583]
[27, 34, 288.08910324754214]
[27, 35, 286.7625544618328]
[27, 36, 285.3546410360126]
[27, 37, 280.77195974390077]
[27, 38, 278.76141571430907]
[28, 1, 281.43786975705234]
[28, 2, 282.8547131357119]
[28, 3, 285.5786759147222]
[28, 4, 286.8627673779718]
[28, 5, 270.0]
[28, 6, 296.7166269597463]
[28, 7, 297.58865245038703]
[28, 8, 298.52768995650354]
[28, 9, 270.0]
[28, 10, 296.36187550561965]
[28, 11, 298.08358216801156]
[28, 12, 338.9310250680395]
[28, 13, 19.677857521178023]
[28, 14, 46.996095885992254]
[28, 15, 56.951875129999834]
[28, 16, 64.87378674450517]
[28, 17, 84.98688624496164]
[28, 18, 270.0]
[28, 19, 270.0]
[28, 20, 270.0]
[28, 21, 270.0]
[28, 22, 270.0]
[28, 23, 270.0]
[28, 24, 270.0]
[28, 25, 270.0]
[28, 26, 270.0]
[28, 27, 270.0]
[28, 29, 89.30786988899713]
[28, 30, 278.50457924090017]
[28, 31, 273.9213988877021]
[28, 32, 276.65739697296414]
[28, 33, 282.8592860025314]
[28, 34, 287.7769658199734]
[28, 35, 286.4130672063254]
[28, 36, 284.95597039405317]
[28, 37, 280.2557918750059]
[28, 38, 278.19632320763685]
[29, 1, 277.073057492085]
[29, 2, 277.8247991361847]
[29, 3, 279.29438678346014]
[29, 4, 279.94213284045804]
[29, 5, 270.0]
[29, 6, 283.89235231347914]
[29, 7, 283.97136635934976]
[29, 8, 283.6436783226698]
[29, 9, 270.0]
[29, 10, 278.3445814873325]
[29, 11, 277.53535783893295]
[29, 12, 278.1199740566538]
[29, 13, 281.61257625666815]
[29, 14, 287.2120719269593]
[29, 15, 287.14330670978455]
[29, 16, 282.9516471137995]
[29, 17, 271.2188752351052]
[29, 18, 270.0]
[29, 19, 270.0]
[29, 20, 270.0]
[29, 21, 270.0]
[29, 22, 270.0]
[29, 23, 270.0]
[29, 24, 270.0]
[29, 25, 270.0]
[29, 26, 270.0]
[29, 27, 270.0]
[29, 28, 270.0]
[29, 30, 270.4707293809732]
[29, 31, 270.46158743167643]
[29, 32, 271.5102733072762]
[29, 33, 274.7942320666279]
[29, 34, 278.53269385183165]
[29, 35, 278.29714496983445]
[29, 36, 277.74921857593836]
[29, 37, 275.7009942467284]
[29, 38, 274.61114967477886]
[30, 1, 281.6990215903103]
[30, 2, 283.26332874340346]
[30, 3, 286.29010521304394]
[30, 4, 287.73411797265965]
[30, 5, 270.0]
[30, 6, 299.3241588356987]
[30, 7, 300.48630275476876]
[30, 8, 301.9660519772643]
[30, 9, 270.0]
[30, 10, 303.2317110679863]
[30, 11, 308.2670786731559]
[30, 12, 29.511498557076827]
[30, 13, 50.01985364202975]
[30, 14, 61.33604288972703]
[30, 15, 67.70085977606455]
[30, 16, 73.9509952074668]
[30, 17, 89.31590379886796]
[30, 18, 270.0]
[30, 19, 270.0]
[30, 20, 270.0]
[30, 21, 270.0]
[30, 22, 270.0]
[30, 23, 270.0]
[30, 24, 270.0]
[30, 25, 270.0]
[30, 26, 270.0]
[30, 27, 270.0]
[30, 28, 270.0]
[30, 29, 270.0]
[30, 31, 270.4063462333325]
[30, 32, 275.7105931375154]
[30, 33, 284.0362434679467]
[30, 34, 289.3452321792821]
[30, 35, 287.60170623706824]
[30, 36, 285.86714975015883]
[30, 37, 280.4580580056337]
[30, 38, 278.1627402199055]
[31, 1, 283.16843055084223]
[31, 2, 285.0370011982785]
[31, 3, 288.64736900729093]
[31, 4, 290.4071092942787]
[31, 5, 270.0]
[31, 6, 305.60176700407465]
[31, 7, 307.4605548604966]
[31, 8, 310.4035959531849]
[31, 9, 270.0]
[31, 10, 328.924773220403]
[31, 11, 350.9806775686224]
[31, 12, 62.417970792209644]
[31, 13, 66.07272661996797]
[31, 14, 69.71495594863757]
[31, 15, 73.73536851432944]
[31, 16, 78.38553701736484]
[31, 17, 89.63889692710723]
[31, 18, 270.0]
[31, 19, 270.0]
[31, 20, 270.0]
[31, 21, 270.0]
[31, 22, 270.0]
[31, 23, 270.0]
[31, 24, 270.0]
[31, 25, 270.0]
[31, 26, 270.0]
[31, 27, 270.0]
[31, 28, 270.0]
[31, 29, 270.0]
[31, 30, 270.0]
[31, 32, 286.16449915226985]
[31, 33, 291.23931055233567]
[31, 34, 294.5377284765778]
[31, 35, 291.6921707635985]
[31, 36, 289.28961677997]
[31, 37, 282.2251226757317]
[31, 38, 279.4402514157783]
[32, 1, 282.954364614272]
[32, 2, 284.95100949699264]
[32, 3, 288.8531587644191]
[32, 4, 290.77448330935096]
[32, 5, 270.0]
[32, 6, 308.064674171935]
[32, 7, 310.3603043542052]
[32, 8, 314.26074064460295]
[32, 9, 270.0]
[32, 10, 350.4667672099246]
[32, 11, 24.809408375421636]
[32, 12, 72.52522574374433]
[32, 13, 72.91897808789028]
[32, 14, 74.33692022995778]
[32, 15, 77.54624285731832]
[32, 16, 81.68862661920149]
[32, 17, 270.0]
[32, 18, 270.0]
[32, 19, 270.0]
[32, 20, 270.0]
[32, 21, 270.0]
[32, 22, 270.0]
[32, 23, 270.0]
[32, 24, 270.0]
[32, 25, 270.0]
[32, 26, 270.0]
[32, 27, 270.0]
[32, 28, 270.0]
[32, 29, 270.0]
[32, 30, 270.0]
[32, 31, 270.0]
[32, 33, 293.12084866245414]
[32, 34, 295.91666982846385]
[32, 35, 292.46519765258836]
[32, 36, 289.6918176850508]
[32, 37, 281.83585088451684]
[32, 38, 278.82412323234416]
[33, 1, 280.5526494655104]
[33, 2, 282.8516207338199]
[33, 3, 287.62801936781193]
[33, 4, 290.060127284087]
[33, 5, 270.0]
[33, 6, 315.7609997571035]
[33, 7, 320.1944289077221]
[33, 8, 329.40399053292657]
[33, 9, 270.0]
[33, 10, 70.57917904750634]
[33, 11, 82.47149891603374]
[33, 12, 88.84912352183375]
[33, 13, 86.04048714015109]
[33, 14, 84.43786255897359]
[33, 15, 86.23192943949415]
[33, 16, 89.39130280007478]
[33, 17, 270.0]
[33, 18, 270.0]
[33, 19, 270.0]
[33, 20, 270.0]
[33, 21, 270.0]
[33, 22, 270.0]
[33, 23, 270.0]
[33, 24, 270.0]
[33, 25, 270.0]
[33, 26, 270.0]
[33, 27, 270.0]
[33, 28, 270.0]
[33, 29, 270.0]
[33, 30, 270.0]
[33, 31, 270.0]
[33, 32, 270.0]
[33, 34, 298.15619144824086]
[33, 35, 292.0678995624063]
[33, 36, 287.87387627498896]
[33, 37, 277.7987424445872]
[33, 38, 274.22930066431417]
[34, 1, 273.4330094361589]
[34, 2, 275.8308015391481]
[34, 3, 281.848266238416]
[34, 4, 285.1540680503067]
[34, 5, 270.0]
[34, 6, 342.92358971518587]
[34, 7, 359.20427644732985]
[34, 8, 33.575932658025586]
[34, 9, 270.0]
[34, 10, 270.0]
[34, 11, 270.0]
[34, 12, 270.0]
[34, 13, 270.0]
[34, 14, 270.0]
[34, 15, 270.0]
[34, 16, 270.0]
[34, 17, 270.0]
[34, 18, 270.0]
[34, 19, 270.0]
[34, 20, 270.0]
[34, 21, 270.0]
[34, 22, 270.0]
[34, 23, 270.0]
[34, 24, 270.0]
[34, 25, 270.0]
[34, 26, 270.0]
[34, 27, 270.0]
[34, 28, 270.0]
[34, 29, 270.0]
[34, 30, 270.0]
[34, 31, 270.0]
[34, 32, 270.0]
[34, 33, 270.0]
[34, 35, 274.13467137378217]
[34, 36, 270.0]
[34, 37, 270.0]
[34, 38, 270.0]
[35, 1, 273.3176829261075]
[35, 2, 276.1526212415379]
[35, 3, 283.64595127920944]
[35, 4, 288.03428556710656]
[35, 5, 270.0]
[35, 6, 13.760785111828369]
[35, 7, 30.41108126716444]
[35, 8, 55.49147701233159]
[35, 9, 270.0]
[35, 10, 270.0]
[35, 11, 270.0]
[35, 12, 270.0]
[35, 13, 270.0]
[35, 14, 270.0]
[35, 15, 270.0]
[35, 16, 270.0]
[35, 17, 270.0]
[35, 18, 270.0]
[35, 19, 270.0]
[35, 20, 270.0]
[35, 21, 270.0]
[35, 22, 270.0]
[35, 23, 270.0]
[35, 24, 270.0]
[35, 25, 270.0]
[35, 26, 270.0]
[35, 27, 270.0]
[35, 28, 270.0]
[35, 29, 270.0]
[35, 30, 270.0]
[35, 31, 270.0]
[35, 32, 270.0]
[35, 33, 270.0]
[35, 34, 270.0]
[35, 36, 270.0]
[35, 37, 270.0]
[35, 38, 270.0]
[36, 1, 274.6953501677953]
[36, 2, 278.13635757952267]
[36, 3, 287.3374178062336]
[36, 4, 293.00167951460713]
[36, 5, 270.0]
[36, 6, 29.389334028682683]
[36, 7, 42.1817498007168]
[36, 8, 60.818925508980506]
[36, 9, 270.0]
[36, 10, 270.0]
[36, 11, 270.0]
[36, 12, 270.0]
[36, 13, 270.0]
[36, 14, 270.0]
[36, 15, 270.0]
[36, 16, 270.0]
[36, 17, 270.0]
[36, 18, 270.0]
[36, 19, 270.0]
[36, 20, 270.0]
[36, 21, 270.0]
[36, 22, 270.0]
[36, 23, 270.0]
[36, 24, 270.0]
[36, 25, 270.0]
[36, 26, 270.0]
[36, 27, 270.0]
[36, 28, 270.0]
[36, 29, 270.0]
[36, 30, 270.0]
[36, 31, 270.0]
[36, 32, 270.0]
[36, 33, 270.0]
[36, 34, 89.14681244177915]
[36, 35, 81.13637693927842]
[36, 37, 270.0]
[36, 38, 270.0]
[37, 1, 285.8669966610823]
[37, 2, 295.28426135666695]
[37, 3, 320.23747606684003]
[37, 4, 336.1843288450654]
[37, 5, 270.0]
[37, 6, 54.60153417172844]
[37, 7, 59.810824530704004]
[37, 8, 68.42288776523945]
[37, 9, 270.0]
[37, 10, 270.0]
[37, 11, 270.0]
[37, 12, 270.0]
[37, 13, 270.0]
[37, 14, 270.0]
[37, 15, 270.0]
[37, 16, 270.0]
[37, 17, 270.0]
[37, 18, 270.0]
[37, 19, 270.0]
[37, 20, 270.0]
[37, 21, 270.0]
[37, 22, 270.0]
[37, 23, 270.0]
[37, 24, 270.0]
[37, 25, 270.0]
[37, 26, 270.0]
[37, 27, 270.0]
[37, 28, 270.0]
[37, 29, 270.0]
[37, 30, 270.0]
[37, 31, 270.0]
[37, 32, 270.0]
[37, 33, 270.0]
[37, 34, 82.69875728019049]
[37, 35, 78.7830800733309]
[37, 36, 78.13933435919876]
[37, 38, 270.0]
[38, 1, 297.0250174482195]
[38, 2, 311.91781917542073]
[38, 3, 343.62984909987813]
[38, 4, 359.34145682239784]
[38, 5, 270.0]
[38, 6, 56.34941956599945]
[38, 7, 60.613620039655764]
[38, 8, 67.94079347036411]
[38, 9, 270.0]
[38, 10, 89.16084086657418]
[38, 11, 270.0]
[38, 12, 270.0]
[38, 13, 270.0]
[38, 14, 88.97298379615586]
[38, 15, 89.78605110825336]
[38, 16, 270.0]
[38, 17, 270.0]
[38, 18, 270.0]
[38, 19, 270.0]
[38, 20, 270.0]
[38, 21, 270.0]
[38, 22, 270.0]
[38, 23, 270.0]
[38, 24, 270.0]
[38, 25, 270.0]
[38, 26, 270.0]
[38, 27, 270.0]
[38, 28, 270.0]
[38, 29, 270.0]
[38, 30, 270.0]
[38, 31, 270.0]
[38, 32, 270.0]
[38, 33, 270.0]
[38, 34, 79.61597931237522]
[38, 35, 75.73853843293614]
[38, 36, 74.64901997362594]
[38, 37, 64.93253656192174]
